0 0 0
1 141920 180000
2 -38072 139000
3 0 0
4 0 0
5 0 0
6 0 0
7 0 0
8 0 0
9 0 0
10 605000 680000
11 0 0
12 0 0
13 0 0
14 0 0
15 0 0
16 0 0
17 0 0
18 0 0
19 0 0
20 437680 0
21 371144 0
22 304608 0
23 238072 0
24 171536 0
25 0 0
26 0 0
27 0 0
28 0 0
29 0 0
30 180000 690000
31 0 0
32 0 0
33 0 0
34 0 0
35 504216 0
36 570752 0
37 637288 0
38 0 0
39 0 0
40 703824 0
41 0 0
42 0 0
43 0 0
44 0 0
45 770360 0
46 836896 0
47 903432 0
48 0 0
49 0 0
50 105000 0
51 260000 540000
52 0 0
53 0 0
54 0 0
55 0 0
56 0 0
57 0 0
58 0 0
59 0 0
60 969968 -66536
61 903432 -66536
62 836896 -66536
63 0 0
64 0 0
65 0 0
66 0 0
67 0 0
68 0 0
69 0 0
70 -411096 -424976
71 -344560 -424976
72 -278024 -424976
73 680000 690000
74 0 0
75 0 0
76 0 0
77 0 0
78 504216 0
79 570752 0
80 637288 0
81 0 0
82 0 0
83 703824 0
84 0 0
85 0 0
86 0 0
87 0 0
88 770360 0
89 836896 0
90 903432 0
91 969968 0
92 0 0
93 0 0
94 0 0
95 0 0
96 0 0
97 0 0
98 0 0
99 0 0
100 350083 -393210
101 1135000 360000
102 695000 -133072
103 0 0
104 0 0
105 0 0
106 0 0
107 0 0
108 0 0
109 0 0
110 0 0
111 0 0
112 0 0
113 0 0
114 0 0
115 0 0
116 0 0
117 0 0
118 0 0
119 0 0
120 0 0
121 0 0
122 0 0
123 0 0
124 0 0
125 770360 -66536
126 703824 -66536
127 637288 -66536
128 570752 -66536
129 504216 -66536
130 -350000 700000
131 0 0
132 0 0
133 0 0
134 0 0
135 504216 0
136 570752 0
137 637288 0
138 0 0
139 0 0
140 703824 0
141 0 0
142 0 0
143 0 0
144 0 0
145 770360 0
146 836896 0
147 903432 0
148 0 0
149 0 0
150 437680 -66536
151 670000 400000
152 0 0
153 0 0
154 0 0
155 0 0
156 0 0
157 0 0
158 0 0
159 0 0
160 371144 -66536
161 304608 -66536
162 0 0
163 114465 -227675
164 0 0
165 0 0
166 0 0
167 0 0
168 0 0
169 0 0
170 0 0
171 0 0
172 0 0
173 0 0
174 0 0
175 0 0
176 0 0
177 0 0
178 0 0
179 0 0
180 238072 -66536
181 -210000 480000
182 0 0
183 0 0
184 0 0
185 0 0
186 0 0
187 0 0
188 0 0
189 0 0
190 171536 -66536
191 105000 -66536
192 0 0
193 0 0
194 0 0
195 0 0
196 0 0
197 0 0
198 0 0
199 0 0
200 -77456 -20000
201 140000 500000
202 -530000 -15000
203 0 0
204 0 0
205 0 0
206 0 0
207 0 0
208 0 0
209 0 0
210 0 0
211 0 0
212 0 0
213 0 0
214 0 0
215 0 0
216 0 0
217 0 0
218 0 0
219 0 0
220 969968 -133072
221 903432 -133072
222 836896 -133072
223 770360 -133072
224 703824 -133072
225 0 0
226 0 0
227 0 0
228 0 0
229 0 0
230 0 0
231 0 0
232 0 0
233 240000 -140000
234 660000 -510000
235 660000 -580000
236 660000 -650000
237 590000 -510000
238 590000 -580000
239 590000 -650000
240 520000 -510000
241 520000 -580000
242 520000 -650000
243 0 0
244 170000 -140000
245 637288 -133072
246 570752 -133072
247 504216 -133072
248 437680 -133072
249 105000 -133072
250 371144 -133072
251 304608 -133072
252 238072 -133072
253 171536 -133072
254 0 0
255 0 0
