   1  00086000 00076000  -  00096000 00086000  0  Camelot_Hills.map         0    0
   1  00086000 00086000  -  00096000 00096000  0  Salisbury_Plains.map      1    0
   1  00076000 0006a000  -  00086000 0007a000  0  Black_Mtns_South.map      2    0
   1  00076000 0005a000  -  00086000 0006a000  0  Black_Mtns_North.map      3    0
   1  00056000 000aa000  -  00066000 000ba000  0  Dartmoor.map              4    0
   1  00056000 0009a000  -  00066000 000aa000  0  Cornwall.map              6    0
   1  00066000 0005a000  -  00076000 0006a000  0  Llyn_Barfog.map           7    0
   1  00076000 0008e000  -  00086000 0009e000  0  Campacorentin_Forest.map  8    0
   1  00066000 00096000  -  00076000 000a6000  0  Avalon_Marsh.map          9    0
   1  00046000 0009a000  -  00056000 000aa000  0  Lyonesse.map              10   0
   1  0008a000 00066000  -  0009a000 00076000  0  oForest_Sauvage.map        11   0
   1  0007a000 0004a000  -  0008a000 0005a000  0  oSnowdonia.map             12   0
   2  00080000 00080000  -  00090000 00090000  3  Caerwent.map              13   0
   1  0008a000 00056000  -  0009a000 00066000  0  oPennine_Mountains.map     14   0
   1  00092000 00046000  -  000a2000 00056000  0  oHadrians_Wall.map         15   0
   2  00080000 00090000  -  00090000 000a0000  3  Old_Sarum.map             16   0
   2  00080000 00070000  -  00090000 00080000  3  Rilan.map                 17   0
   2  00070000 00080000  -  00080000 00090000  3  Dalton.map                18   0
  20  00002000 00002000  -  00012000 00012000  2  Stonehenge_Barrows.map    19   0
   2  00070000 00070000  -  00080000 00080000  3  Brisworthy.map            20   0
  21  00002000 00002000  -  00012000 00012000  2  Tomb_of_Mithra.map        21   0
  22  00002000 00002000  -  00012000 00012000  2  Keltoi_Fogou.map          22   0
  23  00002000 00002000  -  00012000 00012000  2  Catacombs_of_Cardova.map  23   0
  24  00002000 00002000  -  00012000 00012000  2  Tepoks_Mine.map           24   0
  10  00002000 00002000  -  00012000 00012000  1  City_of_Camelot.map       26   90
  30  00040000 00080000  -  00050000 00090000  0  Oceanus_Hesperos.map      30   0
  30  00050000 00080000  -  00060000 00090000  0  Mesothalassa.map          31   0
  30  00050000 00070000  -  00060000 00080000  0  Oceanus_Boreal.map        32   0
  30  00050000 00090000  -  00060000 000a0000  0  Oceanus_Notos.map         33   0
  30  00060000 00080000  -  00070000 00090000  0  Oceanus_Anatole.map       34   0
  35  00002000 00002000  -  00012000 00012000  2  Cetus_Pit.map             35   0
  36  00002000 00002000  -  00012000 00012000  2  Sobekite_Eternal.map      36   0
  37  00002000 00002000  -  00012000 00012000  2  Temple_of_Twilight.map    37   0
  30  00048000 00060000  -  00058000 00070000  0  Stygian_Delta.map         38   0
  30  00038000 00060000  -  00048000 00070000  0  Land_of_Atum.map          39   0
  40  00002000 00002000  -  00012000 00012000  2  Halls_of_Maati.map        40   0
  30  00070000 00080000  -  00080000 00090000  0  Typhons_Reach.map         41   0
  30  00080000 00080000  -  00090000 00090000  0  Ashen_Isles.map           42   0
  30  00058000 000a0000  -  00068000 000b0000  0  Green_Glades.map          43   0
  30  00068000 000a0000  -  00078000 000b0000  0  Arbor_Glen.map            44   0
  45  00002000 00002000  -  00012000 00012000  2  the_Great_Pyramid_of_Stygia.map 45   0
  46  00002000 00002000  -  00012000 00012000  2  Heart_of_Volcanus.map     46   0
  47  00002000 00002000  -  00012000 00012000  4  City_of_Aerus.map         47   0
  50  00002000 00002000  -  00012000 00012000  1  Avalon_City.map           50   0
  51  00078000 00078000  -  00088000 00088000  0  Isle_of_Glass.map         51   0
  51  00068000 0006c000  -  00078000 0007c000  0  Avalon_Isle.map           52   0
  51  0005c000 0005c000  -  0006c000 0006c000  0  Dales_of_Devwy.map        53   0
  51  0004c000 00058000  -  0005c000 00068000  0  Caldey.map                54   0
  51  00048000 00068000  -  00058000 00078000  0  Gwyddneau.map             55   0
  51  00058000 00074000  -  00068000 00084000  0  Aldland.map               56   0
  51  00038000 00068000  -  00048000 00078000  0  Inishail_Island.map       57   0
  60  00002000 00002000  -  00012000 00012000  2  Caer_Sidi.map             60   0
  61  00002000 00002000  -  00012000 00012000  2  Krondon.map               61   0
  62  00002000 00002000  -  00012000 00012000  2  Crystal_Cave.map          62   0
   2  00070000 00090000  -  00080000 000a0000  3  Aylesbury.map             64   0
  70  00080000 00080000  -  00090000 00090000  0  Ruins_of_Atlantis.map     70   0
  71  00080000 00080000  -  00090000 00090000  0  Ruinerar_av_Atlantis.map  71   0
  72  00080000 00080000  -  00090000 00090000  0  Scrios_de_Atlantis.map    72   0
  73  00040000 00080000  -  00050000 00090000  0  Oceanus_Hesperos.map      73   0
  73  00050000 00080000  -  00060000 00090000  0  Mesothalassa.map          74   0
  73  00050000 00070000  -  00060000 00080000  0  Oceanus_Boreal.map        75   0
  73  00050000 00090000  -  00060000 000a0000  0  Oceanus_Notos.map         76   0
  73  00060000 00080000  -  00070000 00090000  0  Oceanus_Anatole.map       77   0
  78  00002000 00002000  -  00012000 00012000  2  Cetus_Pit.map             78   0
  79  00002000 00002000  -  00012000 00012000  2  Sobekite_Eternal.map      79   0
  80  00002000 00002000  -  00012000 00012000  2  Temple_of_Twilight.map    80   0
  73  00048000 00060000  -  00058000 00070000  0  Stygian_Delta.map         81   0
  73  00038000 00060000  -  00048000 00070000  0  Land_of_Atum.map          82   0
  83  00002000 00002000  -  00012000 00012000  2  Halls_of_Maati.map        83   0
  73  00070000 00080000  -  00080000 00090000  0  Typhons_Reach.map         84   0
  73  00080000 00080000  -  00090000 00090000  0  Ashen_Isles.map           85   0
  73  00058000 000a0000  -  00068000 000b0000  0  Green_Glades.map          86   0
  73  00068000 000a0000  -  00078000 000b0000  0  Arbor_Glen.map            87   0
  88  00002000 00002000  -  00012000 00012000  2  the_Great_Pyramid_of_Stygia.map 88   0
  89  00002000 00002000  -  00012000 00012000  2  Heart_of_Volcanus.map     89   0
  90  00002000 00002000  -  00012000 00012000  4  City_of_Aerus.map         90   0
  91  00002000 00002000  -  00012000 00012000  2  Celestius.map             91   0
 100  000b8000 000a4000  -  000c8000 000b4000  0  Vale_of_Mularn.map        100  0
 100  000b0000 000b4000  -  000c0000 000c4000  0  East_Svealand.map         101  0
 100  000a0000 000b4000  -  000b0000 000c4000  0  West_Svealand.map         102  0
 100  000b0000 000c4000  -  000c0000 000d4000  0  Gotar.map                 103  0
 100  000c8000 0009c000  -  000d8000 000ac000  0  Muspelheim.map            104  0
 100  000b8000 000d4000  -  000c8000 000e4000  0  Myrkwood_Forest.map       105  0
 100  000a8000 000dc000  -  000b8000 000ec000  0  Skona_Ravine.map          106  0
 100  00098000 000d4000  -  000a8000 000e4000  0  Vanern_Swamp.map          107  0
 100  00090000 000b4000  -  000a0000 000c4000  0  Raumarik.map              108  0
 100  000b0000 00094000  -  000c0000 000a4000  0  oUppland.map               111  0
 100  000a0000 000a4000  -  000b0000 000b4000  0  oYggdra_Forest.map         112  0
 100  000a0000 00094000  -  000b0000 000a4000  0  oJamtland_Mountains.map    113  0
 102  00080000 00080000  -  00090000 00090000  3  Erikstaad.map             114  0
 100  00090000 0008c000  -  000a0000 0009c000  0  oOdins_Gate.map            115  0
 100  000a8000 000ec000  -  000b8000 000fc000  0  Malmohus.map              116  0
 102  00080000 00070000  -  00090000 00080000  3  Arothi.map                117  0
 102  00090000 00080000  -  000a0000 00090000  3  Carlingford.map           118  0
 102  00080000 00090000  -  00090000 000a0000  3  Wyndham.map               119  0
 101  00002000 00002000  -  00012000 00012000  1  Jordheim.map              120  180
 102  00090000 00090000  -  000a0000 000a0000  3  Frisia.map                121  0
 102  00090000 00070000  -  000a0000 00080000  3  Kaupang.map               122  0
 125  00002000 00002000  -  00012000 00012000  2  Spindelhalla.map          125  0
 126  00002000 00002000  -  00012000 00012000  2  Vendo_Caverns.map         126  0
 127  00002000 00002000  -  00012000 00012000  2  Varulvhamn.map            127  0
 128  00002000 00002000  -  00012000 00012000  2  Cursed_Tomb.map           128  0
 129  00002000 00002000  -  00012000 00012000  2  Nisses_Lair.map           129  0
 130  00040000 00080000  -  00050000 00090000  0  Oceanus_Hesperos.map      130  0
 130  00050000 00080000  -  00060000 00090000  0  Mesothalassa.map          131  0
 130  00050000 00070000  -  00060000 00080000  0  Oceanus_Boreal.map        132  0
 130  00050000 00090000  -  00060000 000a0000  0  Oceanus_Notos.map         133  0
 130  00060000 00080000  -  00070000 00090000  0  Oceanus_Anatole.map       134  0
 135  00002000 00002000  -  00012000 00012000  2  Cetus_Pit.map             135  0
 136  00002000 00002000  -  00012000 00012000  2  Sobekite_Eternal.map      136  0
 137  00002000 00002000  -  00012000 00012000  2  Temple_of_Twilight.map    137  0
 130  00048000 00060000  -  00058000 00070000  0  Stygian_Delta.map         138  0
 130  00038000 00060000  -  00048000 00070000  0  Land_of_Atum.map          139  0
 140  00002000 00002000  -  00012000 00012000  2  Halls_of_Maati.map        140  0
 130  00070000 00080000  -  00080000 00090000  0  Typhons_Reach.map         141  0
 130  00080000 00080000  -  00090000 00090000  0  Ashen_Isles.map           142  0
 130  00058000 000a0000  -  00068000 000b0000  0  Green_Glades.map          143  0
 130  00068000 000a0000  -  00078000 000b0000  0  Arbor_Glen.map            144  0
 145  00002000 00002000  -  00012000 00012000  2  the_Great_Pyramid_of_Stygia.map 145  0
 146  00002000 00002000  -  00012000 00012000  2  Heart_of_Volcanus.map     146  0
 147  00002000 00002000  -  00012000 00012000  4  City_of_Aerus.map         147  0
 150  00002000 00002000  -  00012000 00012000  2  Trollheim.map             150  0
 151  0003c000 0004c000  -  0004c000 0005c000  0  Aegirs_Landing.map        151  0
 151  00044000 0003c000  -  00054000 0004c000  0  Gripklosa_Mountains.map   152  0
 151  00054000 00040000  -  00064000 00050000  0  Delling_Crater.map        153  0
 151  00058000 00050000  -  00068000 00060000  0  Faraheim.map              154  0
 151  00048000 0005c000  -  00058000 0006c000  0  Munin_Sound.map           155  0
 151  00060000 00060000  -  00070000 00070000  0  Iarnwood.map              156  0
 151  00044000 0002c000  -  00054000 0003c000  0  Dummy_Zone.map            157  0
 151  00068000 00050000  -  00078000 00060000  0  Modernagrav.map           158  0
 151  00080000 00080000  -  00090000 00090000  0  e3_demo_zone.map          159  0
 160  00002000 00002000  -  00012000 00012000  2  Tuscaran_Glacier.map      160  0
 161  00002000 00002000  -  00012000 00012000  2  Iarnvidiurs_Lair.map      161  0
 163  00078000 00070000  -  00088000 00080000  0  North_Sea.map             163  0
 163  00078000 00080000  -  00088000 00090000  0  Irish_Sea.map             164  0
 163  00078000 00060000  -  00088000 00070000  0  Odins_Gate.map            167  0
 163  00088000 00060000  -  00098000 00070000  0  Jamtland_Mountains.map    168  0
 163  00098000 00060000  -  000a8000 00070000  0  Yggdra_Forest.map         169  0
 163  00088000 00050000  -  00098000 00060000  0  Uppland.map               170  0
 163  00068000 00078000  -  00078000 00088000  0  Emain_Macha.map           171  0
 163  00068000 00088000  -  00078000 00098000  0  Breifine.map              172  0
 163  00058000 00088000  -  00068000 00098000  0  Cruachan_Gorge.map        173  0
 163  00068000 00098000  -  00078000 000a8000  0  Mount_Collory.map         174  0
 163  00088000 00098000  -  00098000 000a8000  0  Snowdonia.map             175  0
 163  00098000 00088000  -  000a8000 00098000  0  Forest_Sauvage.map        176  0
 163  00088000 00088000  -  00098000 00098000  0  Pennine_Mountains.map     177  0
 163  00088000 00078000  -  00098000 00088000  0  Hadrians_Wall.map         178  0
 180  00002000 00002000  -  00012000 00012000  2  Fomor.map                 180  0
 181  00060000 00060000  -  00070000 00070000  0  Domnann.map               181  0
 181  00050000 00058000  -  00060000 00068000  0  Caillte_Garran.map        182  0
 181  00040000 00050000  -  00050000 00060000  0  Vale_of_Balor.map         183  0
 181  00044000 00040000  -  00054000 00050000  0  Cothrom_Gorge.map         184  0
 181  00054000 00038000  -  00064000 00048000  0  Worlds_End.map            185  0
 181  0005c000 00048000  -  0006c000 00058000  0  Vigilant_Rock.map         186  0
 181  00054000 00028000  -  00064000 00038000  0  Allta_Fearann.map         187  0
 190  00002000 00002000  -  00012000 00012000  2  Tur_Suil.map              190  0
 191  00002000 00002000  -  00012000 00012000  2  Galladoria.map            191  0
 200  0004e000 00076000  -  0005e000 00086000  0  Lough_Derg.map            200  0
 200  0004e000 00086000  -  0005e000 00096000  0  Silvermine_Mts.map        201  0
 200  00046000 00096000  -  00056000 000a6000  0  Shannon_Estuary.map       202  0
 200  00036000 00066000  -  00046000 00076000  0  Cliffs_of_Moher.map       203  0
 200  00046000 000a6000  -  00056000 000b6000  0  Lough_Gur.map             204  0
 200  00056000 000ae000  -  00066000 000be000  0  Bog_of_Cullen.map         205  0
 200  0005e000 00076000  -  0006e000 00086000  0  Valley_of_Bri_Leith.map   206  0
 200  00046000 00066000  -  00056000 00076000  0  Connacht.map              207  0
 200  0006e000 00076000  -  0007e000 00086000  0  Cursed_Forest.map         208  0
 201  00002000 00002000  -  00012000 00012000  1  Tir_na_Nog.map            209  180
 200  0005e000 00066000  -  0006e000 00076000  0  oMount_Collory.map         210  0
 200  0004e000 00056000  -  0005e000 00066000  0  oCruachan_Gorge.map        211  0
 200  0005e000 00056000  -  0006e000 00066000  0  oBreifine.map              212  0
 202  00080000 00080000  -  00090000 00090000  3  Meath.map                 213  0
 200  00066000 00046000  -  00076000 00056000  0  oEmain_Macha.map           214  0
 202  00070000 00080000  -  00080000 00090000  3  Dunshire.map              215  0
 200  00056000 0009e000  -  00066000 000ae000  0  Sheeroe_Hills.map         216  0
 202  00080000 00090000  -  00090000 000a0000  3  Torrylin.map              217  0
 202  00090000 00080000  -  000a0000 00090000  3  Kilcullen.map             218  0
 202  00070000 00090000  -  00080000 000a0000  3  Saeranthal.map            219  0
 220  00002000 00002000  -  00012000 00012000  2  Coruscating_Mine.map      220  0
 221  00002000 00002000  -  00012000 00012000  2  Muire_Tomb.map            221  0
 222  00002000 00002000  -  00012000 00012000  2  Spraggon_Den.map          222  0
 223  00002000 00002000  -  00012000 00012000  2  Koalinth_Caverns.map      223  0
 224  00002000 00002000  -  00012000 00012000  2  Treibh_Caillte.map        224  0
 202  00090000 00090000  -  000a0000 000a0000  3  Aberillan.map             225  0
 233  00002000 00002000  -  00012000 00012000  2  Summoners_Hall.map        233  0
 234  00080000 00080000  -  00090000 00090000  0  BG_1_to_4.map             234  0
 235  00080000 00080000  -  00090000 00090000  0  BG_5_to_9.map             235  0
 236  00080000 00080000  -  00090000 00090000  0  BG_10_to_14.map           236  0
 237  00080000 00080000  -  00090000 00090000  0  BG_15_to_19.map           237  0
 238  00080000 00080000  -  00090000 00090000  0  20to24BG.map              238  0
 239  00080000 00080000  -  00090000 00090000  0  25to29BG.map              239  0
 240  00080000 00080000  -  00090000 00090000  0  30to34BG.map              240  0
 241  00080000 00080000  -  00090000 00090000  0  35to39BG.map              241  0
 242  00080000 00080000  -  00090000 00090000  0  40to44BG.map              242  0
 244  00002000 00002000  -  00012000 00012000  2  Passage_of_Conflict.map   244  0
 249  00002000 00002000  -  00012000 00012000  2  Darkness_Falls.map        249  0
