  1 00086000 00076000 00096000 00086000 0 Camelot_Hills.map 000
  1 00086000 00086000 00096000 00096000 0 Salisbury_Plains.map 001
  1 00076000 0006a000 00086000 0007a000 0 Black_Mtns_South.map 002
  1 00076000 0005a000 00086000 0006a000 0 Black_Mtns_North.map 003
  1 00056000 0009a000 00066000 000aa000 0 Cornwall.map 006
  1 00066000 0005a000 00076000 0006a000 0 Llyn_Barfog.map 007
  1 00076000 0008e000 00086000 0009e000 0 Campa_Corentin.map 008
  1 00066000 00096000 00076000 000a6000 0 Avalon_Marsh.map 009
  1 00046000 0009a000 00056000 000aa000 0 Lyonesse.map 010
  1 0008e000 00066000 0009e000 00076000 0 Forest_Sauvage.map 011
  1 0007e000 0004a000 0008e000 0005a000 0 Snowdonia.map 012
  1 0008e000 00056000 0009e000 00066000 0 Pennine_Mountains.map 014
  1 00096000 00046000 000a6000 00056000 0 Hadrians_Wall.map 015
 10 00002000 00002000 00012000 00012000 1 Camelot.map 026
 20 00002000 00002000 00012000 00012000 0 Stonehenge_Barrows.map 019
 21 00002000 00002000 00012000 00012000 0 Tomb_of_Mithra.map 021
 22 00002000 00002000 00012000 00012000 0 Druid_Barrow.map 022
 23 00002000 00002000 00012000 00012000 0 Roman_Catacomb.map 023
 24 00002000 00002000 00012000 00012000 0 Goblin_Mine.map 024
100 000b8000 000a4000 000c8000 000b4000 0 Vale_of_Mularn.map 100
100 000b0000 000b4000 000c0000 000c4000 0 Svealand_East.map 101
100 000a0000 000b4000 000b0000 000c4000 0 Svealand_West.map 102
100 000b0000 000c4000 000c0000 000d4000 0 Gotar.map 103
100 000c8000 0009c000 000d8000 000ac000 0 Muspelheim.map 104
100 000b8000 000d4000 000c8000 000e4000 0 Myrkwood_Forest.map 105
100 000a8000 000dc000 000b8000 000ec000 0 Skona_Ravine.map 106
100 00098000 000d4000 000a8000 000e4000 0 Vanern_Swamp.map 107
100 00090000 000b4000 000a0000 000c4000 0 Raumarik.map 108
100 000b0000 00094000 000c0000 000a4000 0 Uppland.map 111
100 000a0000 000a4000 000b0000 000b4000 0 Yggdra_Forest.map 112
100 000a0000 00094000 000b0000 000a4000 0 Jamtland_Mountains.map 113
100 00090000 0008c000 000a0000 0009c000 0 Odins_Gate.map 115
101 00002000 00002000 00012000 00012000 2 Jordheim.map 120
125 00002000 00002000 00012000 00012000 0 Arachite_Caves.map 125
126 00002000 00002000 00012000 00012000 0 Vendo_Caves.map 126
127 00002000 00002000 00012000 00012000 0 Werewolf.map 127
128 00002000 00002000 00012000 00012000 0 Cursed_Tomb.map 128
129 00002000 00002000 00012000 00012000 0 Tomte_Lair.map 129
200 0004e000 00076000 0005e000 00086000 0 Lough_Derg.map 200
200 0004e000 00086000 0005e000 00096000 0 Silvermine_Mountains.map 201
200 00046000 00096000 00056000 000a6000 0 Shannon_Estuary.map 202
200 00036000 00066000 00046000 00076000 0 Cliffs_of_Moher.map 203
200 00046000 000a6000 00056000 000b6000 0 Lough_Gur.map 204
200 00056000 000ae000 00066000 000be000 0 Bog_of_Cullen.map 205
200 0005e000 00076000 0006e000 00086000 0 Bri_Leth.map 206
200 00046000 00066000 00056000 00076000 0 Connacht.map 207
200 0006e000 00076000 0007e000 00086000 0 Cursed_Forest.map 208
200 0005e000 00066000 0006e000 00076000 0 Mount_Collory.map 210
200 0004e000 00056000 0005e000 00066000 0 Cruachan_Gorge.map 211
200 0005e000 00056000 0006e000 00066000 0 Briefine.map 212
200 00066000 00046000 00076000 00056000 0 Emain_Macha.map 214
201 00002000 00002000 00012000 00012000 0 Tir_na_Nog.map 209
220 00002000 00002000 00012000 00012000 0 Hibernian_Mine.map 220
221 00002000 00002000 00012000 00012000 0 Undead_Halls.map 221
222 00002000 00002000 00012000 00012000 0 Spraggon_Halls.map 222
223 00002000 00002000 00012000 00012000 0 Koalinth_Caves.map 223
224 00002000 00002000 00012000 00012000 0 Ursine_Lair.map 224
